01 10 00000001 10 010 0100000000000
01 10 00000001 10 100 0100000000000
01 10 00000100 10 100 0100000000000
01 10 00100000 10 010 0100000000000
01 10 00100000 10 100 0100000000000
01 10 10000000 10 010 0100000000000
01 10 10000000 10 100 0100000000000
10 10 00000001 10 010 0100000000000
10 10 00000001 10 100 0100000000000
10 10 00000100 10 010 0100000000000
10 10 00000100 10 100 0100000000000
10 10 00100000 10 010 0100000000000
10 10 00100000 10 100 0100000000000
10 10 10000000 10 010 0100000000000
10 10 10000000 10 100 0100000000000
