010100000001010010000000000010
010100000001010010000000100000
010100000001010010000001000000
010100000001010100000000000001
010100000001010100000000001000
010100000001010100000000100000
010100000001010100001000000000
010100000001011000000000000001
010100000001011000000000001000
010100000001011000000000010000
010100000001011000000100000000
010100000001100010000100000000
010100000001100010001000000000
010100000001100011000000000000
010100000001100100000000000100
010100000001100100000000001000
010100000001100100000000100000
010100000001101000000000000001
010100000001101000000000000100
010100000001101000000000100000
010100000001101000000100000000
010100000010010010000000000010
010100000010010010000000000100
010100000010010010000001000000
010100000010010010000100000000
010100000010010010001000000000
010100000010010011000000000000
010100000010010100000000000010
010100000010010100001000000000
010100000010011000000000000010
010100000010011000000000010000
010100000010011000000000100000
010100000010100010000000000100
010100000010100010000000100000
010100000010100010000001000000
010100000010100010010000000000
010100000010100010100000000000
010100000010100011000000000000
010100000010100100000000100000
010100000010100100000010000000
010100000010101000000000000010
010100000010101000000000000100
010100000010101000000000010000
010100000010101000000001000000
010100000010101001000000000000
010100000100010010000000000010
010100000100010010000000100000
010100000100010100000000000010
010100000100010100000000001000
010100000100010100000000100000
010100000100010100100000000000
010100000100011000000000001000
010100000100011000000010000000
010100000100011000100000000000
010100000100100010000000001000
010100000100100010000000100000
010100000100100010000001000000
010100000100100010000010000000
010100000100100010000100000000
010100000100100010100000000000
010100000100100100000000000010
010100000100100100000000100000
010100000100100100000001000000
010100000100100100001000000000
010100000100100100100000000000
010100000100101000000000000001
010100000100101000000000001000
010100000100101000000010000000
010100000100101000100000000000
010100001000010010000000000001
010100001000010010000000000010
010100001000010010000000100000
010100001000010010000100000000
010100001000010100000000001000
010100001000010100000000100000
010100001000010100000001000000
010100001000010100000010000000
010100001000010100000100000000
010100001000011000000000000001
010100001000011000000000010000
010100001000011000000000100000
010100001000011000000001000000
010100001000011000000010000000
010100001000100010000000000001
010100001000100010000000000010
010100001000100010000000001000
010100001000100010000010000000
010100001000100011000000000000
010100001000100100000010000000
010100001000100100001000000000
010100001000101000000000000001
010100001000101000000000000010
010100001000101000000000000100
010100010000010010000000010000
010100010000010010000010000000
010100010000010010100000000000
010100010000010011000000000000
010100010000010100000000000010
010100010000010100000000010000
010100010000011000000000000100
010100010000011000000000010000
010100010000011000010000000000
010100010000011001000000000000
010100010000100010000000010000
010100010000100010010000000000
010100010000100010100000000000
010100010000100100000000000100
010100010000100100100000000000
010100010000101000000000000001
010100010000101000000000001000
010100010000101000100000000000
010100100000010010000000000001
010100100000010010000001000000
010100100000010010000010000000
010100100000010011000000000000
010100100000010100000000000010
010100100000010100000000100000
010100100000011000000000000001
010100100000011000000000001000
010100100000011000000000100000
010100100000011000000100000000
010100100000011000001000000000
010100100000100010000000000001
010100100000100010000000000010
010100100000100010000000000100
010100100000100010000001000000
010100100000100010001000000000
010100100000100010010000000000
010100100000100011000000000000
010100100000100100000000000010
010100100000100100000000000100
010100100000100100000010000000
010100100000100100001000000000
010100100000101000000000000001
010100100000101000000000010000
010100100000101000000010000000
010100100000101000000100000000
010100100000101000001000000000
010100100000101000100000000000
010101000000010010000000000001
010101000000010010000000100000
010101000000010010000010000000
010101000000010010100000000000
010101000000010100000000000100
010101000000010100000000001000
010101000000010100000000010000
010101000000010100000001000000
010101000000010100000010000000
010101000000010100100000000000
010101000000011000000000000010
010101000000011000000000001000
010101000000011000000000010000
010101000000011000000001000000
010101000000011000001000000000
010101000000011000100000000000
010101000000100010000000000001
010101000000100010000000000010
010101000000100010000000001000
010101000000100010000000010000
010101000000100010000100000000
010101000000100010001000000000
010101000000100011000000000000
010101000000100100000000000001
010101000000100100000000000100
010101000000100100000000010000
010101000000101000000000001000
010101000000101000000000010000
010101000000101000000000100000
010101000000101000000010000000
010101000000101000000100000000
010101000000101000010000000000
010110000000010010000000000100
010110000000010010000000100000
010110000000010010000100000000
010110000000010010100000000000
010110000000010100000000000001
010110000000010100100000000000
010110000000011000000010000000
010110000000011000001000000000
010110000000100010000000000010
010110000000100010000000000100
010110000000100010000100000000
010110000000100010001000000000
010110000000100010010000000000
010110000000100010100000000000
010110000000100100000000001000
010110000000100100000000100000
010110000000100100000100000000
010110000000100101000000000000
010110000000101000000000000001
010110000000101000000000000100
010110000000101000000000001000
010110000000101000000000100000
010110000000101000000001000000
010110000000101000000010000000
011000000001010010000000000010
011000000001010010000000000100
011000000001010010000000001000
011000000001010010000000100000
011000000001010010000001000000
011000000001010010010000000000
011000000001010100000001000000
011000000001010100000010000000
011000000001010100000100000000
011000000001011000000000001000
011000000001011000000010000000
011000000001011000001000000000
011000000001100010000000000010
011000000001100010000000000100
011000000001100010000000001000
011000000001100010000001000000
011000000001100010000100000000
011000000001100100000000001000
011000000001100100000000010000
011000000001100100000000100000
011000000001100100100000000000
011000000001100101000000000000
011000000001101000000000010000
011000000001101000001000000000
011000000010010010000000000010
011000000010010010000000000100
011000000010010010010000000000
011000000010010100000000000100
011000000010010100000000100000
011000000010010100000001000000
011000000010010100000100000000
011000000010011000000000000001
011000000010011000000000000010
011000000010011000000000001000
011000000010011000000010000000
011000000010011000100000000000
011000000010100010000000001000
011000000010100010000001000000
011000000010100010001000000000
011000000010100010010000000000
011000000010100010100000000000
011000000010100100000000000010
011000000010100100000000000100
011000000010100100000000001000
011000000010100100000000100000
011000000010101000000000000001
011000000010101000000000000100
011000000010101000000000001000
011000000010101000000010000000
011000000100010010000000000010
011000000100010010000000010000
011000000100010010000000100000
011000000100010010100000000000
011000000100010100000000000010
011000000100010100000000000100
011000000100010100000001000000
011000000100010100000010000000
011000000100011000000000000001
011000000100011000000000000010
011000000100011000000000010000
011000000100011000000000100000
011000000100011000000001000000
011000000100011000000010000000
011000000100011000000100000000
011000000100011000010000000000
011000000100011000100000000000
011000000100100010000000000010
011000000100100010000000001000
011000000100100010000001000000
011000000100100010000010000000
011000000100100010001000000000
011000000100100010010000000000
011000000100100010100000000000
011000000100100100000000000001
011000000100100100000000001000
011000000100100100000000100000
011000000100100100000010000000
011000000100100100001000000000
011000000100100101000000000000
011000000100101000000000000001
011000000100101000000000010000
011000000100101000000001000000
011000001000010010000000000001
011000001000010010000000010000
011000001000010010000010000000
011000001000010010010000000000
011000001000010011000000000000
011000001000010100000000000010
011000001000010100000000010000
011000001000010100000000100000
011000001000010100000001000000
011000001000010101000000000000
011000001000011000000000010000
011000001000011000000100000000
011000001000100010000001000000
011000001000100010000010000000
011000001000100011000000000000
011000001000100100000000000100
011000001000100100000000100000
011000001000100100000001000000
011000001000100100000010000000
011000001000100100001000000000
011000001000100101000000000000
011000001000101000000010000000
011000001000101000001000000000
011000010000010010000000000100
011000010000010010000010000000
011000010000010010000100000000
011000010000010010100000000000
011000010000010100000000000001
011000010000010100000000000010
011000010000010100000000010000
011000010000010100000001000000
011000010000010100001000000000
011000010000011000000000000100
011000010000011000000001000000
011000010000011000000100000000
011000010000011000100000000000
011000010000011001000000000000
011000010000100010000000000010
011000010000100010000010000000
011000010000100100000000000001
011000010000100100000000000010
011000010000100100000000000100
011000010000101000000000000100
011000010000101000000000001000
011000010000101000000000100000
011000010000101000000100000000
011000010000101000001000000000
011000010000101000010000000000
011000010000101001000000000000
011000100000010010000000000001
011000100000010010000000000100
011000100000010010000100000000
011000100000010010010000000000
011000100000010011000000000000
011000100000010100000001000000
011000100000010100000010000000
011000100000010100000100000000
011000100000010100010000000000
011000100000010101000000000000
011000100000011000000000000010
011000100000011000000000000100
011000100000011000000000010000
011000100000011000001000000000
011000100000011000100000000000
011000100000011001000000000000
011000100000100010000000000001
011000100000100010000100000000
011000100000100010010000000000
011000100000100011000000000000
011000100000100100000000000010
011000100000100100000000010000
011000100000100100001000000000
011000100000101000000000000001
011000100000101001000000000000
011001000000010010000000010000
011001000000010100000000000001
011001000000010100000000001000
011001000000010100000000010000
011001000000010100010000000000
011001000000011000000010000000
011001000000011000010000000000
011001000000011001000000000000
011001000000100010000000000001
011001000000100010000000000010
011001000000100010000000010000
011001000000100010000001000000
011001000000100100000000000010
011001000000100100010000000000
011001000000100101000000000000
011001000000101000000000000001
011001000000101000000000010000
011001000000101000000001000000
011001000000101000000010000000
011001000000101001000000000000
011010000000010010000000000100
011010000000010010000000001000
011010000000010010000001000000
011010000000010010000100000000
011010000000010010010000000000
011010000000010010100000000000
011010000000010100000100000000
011010000000010100100000000000
011010000000011000000000100000
011010000000011000000001000000
011010000000011000000100000000
011010000000011000001000000000
011010000000011000010000000000
011010000000100010000000000001
011010000000100010000000000100
011010000000100010000001000000
011010000000100010100000000000
011010000000100011000000000000
011010000000100100000000000100
011010000000100100000010000000
011010000000100100000100000000
011010000000100100001000000000
011010000000100100100000000000
011010000000101000000000000001
011010000000101000000010000000
011010000000101000010000000000
011010000000101001000000000000
100100000001010010000000000001
100100000001010010000000100000
100100000001010010000010000000
100100000001010010000100000000
100100000001010010100000000000
100100000001010100000000000010
100100000001010100000000010000
100100000001011000000000000010
100100000001011000000000000100
100100000001011000000000001000
100100000001011000000001000000
100100000001011000000010000000
100100000001011000001000000000
100100000001011000010000000000
100100000001011000100000000000
100100000001011001000000000000
100100000001100010000000001000
100100000001100010000010000000
100100000001100010000100000000
100100000001100100000000000001
100100000001100100000000000010
100100000001100100000000000100
100100000001100101000000000000
100100000001101000000000000001
100100000001101000000000000100
100100000001101000000000001000
100100000001101000000100000000
100100000001101000001000000000
100100000001101000010000000000
100100000010010010000000000001
100100000010010010001000000000
100100000010010010010000000000
100100000010010100000000000010
100100000010010100000000000100
100100000010010100000001000000
100100000010010100000010000000
100100000010010100100000000000
100100000010010101000000000000
100100000010011000000000000001
100100000010011000000000000100
100100000010011000000000001000
100100000010011000000000100000
100100000010011001000000000000
100100000010100010000000000100
100100000010100010000000001000
100100000010100010000010000000
100100000010100100000000001000
100100000010100100000000100000
100100000010100100000001000000
100100000010100100001000000000
100100000010100101000000000000
100100000010101000000000000010
100100000010101000000000001000
100100000010101000100000000000
100100000100010010000000000001
100100000100010010000000000010
100100000100010010000000001000
100100000100010010000001000000
100100000100010010000010000000
100100000100010010000100000000
100100000100010010100000000000
100100000100010100000000000001
100100000100010100000000100000
100100000100010100000001000000
100100000100010100001000000000
100100000100011000000000001000
100100000100011000000001000000
100100000100011000000100000000
100100000100011000010000000000
100100000100100010000000000010
100100000100100010000001000000
100100000100100010000100000000
100100000100100100000000000010
100100000100100100000000001000
100100000100100100000100000000
100100000100100101000000000000
100100000100101000000000000010
100100000100101000000000000100
100100000100101000000000001000
100100000100101000000010000000
100100000100101000001000000000
100100000100101000100000000000
100100000100101001000000000000
100100001000010010000000000010
100100001000010010000010000000
100100001000010010010000000000
100100001000010011000000000000
100100001000010100000000000010
100100001000010100000000100000
100100001000010101000000000000
100100001000011000000000000010
100100001000011000000000000100
100100001000011000000010000000
100100001000011000000100000000
100100001000011000001000000000
100100001000011000010000000000
100100001000011000100000000000
100100001000011001000000000000
100100001000100010000000100000
100100001000100100000000100000
100100001000100100000010000000
100100001000101000000000001000
100100001000101000000000100000
100100001000101000000010000000
100100001000101000010000000000
100100001000101000100000000000
100100001000101001000000000000
100100010000010010000001000000
100100010000010010000010000000
100100010000010010000100000000
100100010000010010001000000000
100100010000010010010000000000
100100010000010011000000000000
100100010000010100000000000010
100100010000010100000000001000
100100010000011000000000000001
100100010000011000000000001000
100100010000011000000010000000
100100010000011000001000000000
100100010000100010000000000001
100100010000100010000000000010
100100010000100010000000001000
100100010000100010000001000000
100100010000100100000010000000
100100010000100100010000000000
100100010000101000000001000000
100100010000101000100000000000
100100010000101001000000000000
100100100000010010000000000001
100100100000010010000000000100
100100100000010010000000001000
100100100000010010000001000000
100100100000010010001000000000
100100100000010010010000000000
100100100000010010100000000000
100100100000010100000000000010
100100100000010100000000000100
100100100000010100000001000000
100100100000010100000100000000
100100100000010100001000000000
100100100000010100010000000000
100100100000011000000000000010
100100100000011000000000010000
100100100000011000000001000000
100100100000011000100000000000
100100100000011001000000000000
100100100000100010000001000000
100100100000100010000010000000
100100100000100010000100000000
100100100000100100000010000000
100100100000100100010000000000
100100100000101000000000000010
100100100000101000000000000100
100100100000101000000010000000
100100100000101000000100000000
100100100000101000010000000000
100100100000101001000000000000
100101000000010010000000000001
100101000000010010000000000100
100101000000010010000100000000
100101000000010100000000000010
100101000000010100000000100000
100101000000010100000100000000
100101000000010100010000000000
100101000000011000000000001000
100101000000011000000000100000
100101000000011000010000000000
100101000000011001000000000000
100101000000100010000000000100
100101000000100011000000000000
100101000000100100000000000001
100101000000100100000000000010
100101000000100100000000100000
100101000000100100000100000000
100101000000100100001000000000
100101000000100100100000000000
100101000000101000000000000001
100101000000101000000000000100
100101000000101000000000001000
100101000000101000000000100000
100101000000101000010000000000
100101000000101000100000000000
100110000000010010000000000001
100110000000010010000000000100
100110000000010010000000010000
100110000000010010000000100000
100110000000010010100000000000
100110000000010100000000000010
100110000000010100000000010000
100110000000010100000010000000
100110000000010100000100000000
100110000000010100010000000000
100110000000011000000000000001
100110000000011000000010000000
100110000000011000010000000000
100110000000011001000000000000
100110000000100010000000000001
100110000000100010000000000010
100110000000100010000000100000
100110000000100010000001000000
100110000000100010000010000000
100110000000100010100000000000
100110000000100100000000000010
100110000000100100000010000000
100110000000100100001000000000
100110000000101000000000000001
100110000000101000000000000010
100110000000101000000001000000
100110000000101000000100000000
100110000000101000100000000000
101000000001010010000000010000
101000000001010010000000100000
101000000001010010000010000000
101000000001010010001000000000
101000000001010010010000000000
101000000001010011000000000000
101000000001010100000000000010
101000000001010100000000100000
101000000001010100100000000000
101000000001100010000010000000
101000000001100010000100000000
101000000001100010100000000000
101000000001100011000000000000
101000000001100100000100000000
101000000001100101000000000000
101000000001101000000000000010
101000000001101000000001000000
101000000001101000000010000000
101000000001101000000100000000
101000000001101000100000000000
101000000010010010000000000010
101000000010010010000000000100
101000000010010010000100000000
101000000010010010010000000000
101000000010010011000000000000
101000000010010100000000000010
101000000010010100000000000100
101000000010010100000000001000
101000000010010100000010000000
101000000010011000000100000000
101000000010011000001000000000
101000000010011000010000000000
101000000010100010000000001000
101000000010100010000000100000
101000000010100010010000000000
101000000010100011000000000000
101000000010100100000000100000
101000000010100100000100000000
101000000010100100001000000000
101000000010100100100000000000
101000000010101000000000000100
101000000010101000000000001000
101000000010101000000010000000
101000000010101000000100000000
101000000010101001000000000000
101000000100010010000000000100
101000000100010010000000010000
101000000100010010000100000000
101000000100010010001000000000
101000000100010100000000000100
101000000100010100000000001000
101000000100010100000000010000
101000000100010100001000000000
101000000100011000000000010000
101000000100011000000000100000
101000000100011000000001000000
101000000100011000000010000000
101000000100011001000000000000
101000000100100010000010000000
101000000100100010000100000000
101000000100100010100000000000
101000000100100011000000000000
101000000100100100000010000000
101000000100100100000100000000
101000000100100100001000000000
101000000100100100100000000000
101000000100101000000000100000
101000000100101000000001000000
101000000100101000001000000000
101000000100101000010000000000
101000001000010010000000000100
101000001000010010000000001000
101000001000010010000000010000
101000001000010010000100000000
101000001000010010001000000000
101000001000010100000000100000
101000001000010100001000000000
101000001000010100010000000000
101000001000010100100000000000
101000001000010101000000000000
101000001000011000000000001000
101000001000011000000000100000
101000001000011000001000000000
101000001000011000010000000000
101000001000100010000000010000
101000001000100010010000000000
101000001000100011000000000000
101000001000100100000000000001
101000001000100100000000100000
101000001000101000000100000000
101000001000101000010000000000
101000001000101001000000000000
101000010000010010000000000010
101000010000010010000100000000
101000010000010010010000000000
101000010000010100000000000100
101000010000010100000000001000
101000010000010100100000000000
101000010000011000000000000001
101000010000011000000000000010
101000010000011000000000001000
101000010000011000000000100000
101000010000011000000010000000
101000010000011000010000000000
101000010000011000100000000000
101000010000100010000000001000
101000010000100010000010000000
101000010000100010100000000000
101000010000100011000000000000
101000010000100100000000000100
101000010000100100000000010000
101000010000100100000100000000
101000010000100100010000000000
101000010000101000000010000000
101000010000101000001000000000
101000010000101000100000000000
101000100000010010000000000100
101000100000010010000000010000
101000100000010010010000000000
101000100000010010100000000000
101000100000010100000000001000
101000100000010100000001000000
101000100000010100000100000000
101000100000010100001000000000
101000100000010101000000000000
101000100000011000000000001000
101000100000011000000000100000
101000100000011000000001000000
101000100000011000000100000000
101000100000011000001000000000
101000100000011000010000000000
101000100000011000100000000000
101000100000011001000000000000
101000100000100010000000000001
101000100000100010000000100000
101000100000100010100000000000
101000100000100011000000000000
101000100000100100000000010000
101000100000101000000000000100
101000100000101000000000001000
101000100000101000000000010000
101000100000101000010000000000
101001000000010010000000000010
101001000000010010000000001000
101001000000010100000000001000
101001000000010100000000010000
101001000000010100000001000000
101001000000011000000001000000
101001000000011000000100000000
101001000000100010000000000001
101001000000100010001000000000
101001000000100010010000000000
101001000000100100000000000001
101001000000100100000000010000
101001000000100100010000000000
101001000000100100100000000000
101001000000100101000000000000
101001000000101000000000000010
101001000000101000000000000100
101001000000101000000000010000
101001000000101000000000100000
101001000000101000000100000000
101001000000101000001000000000
101001000000101000010000000000
101010000000010010000000001000
101010000000010010000000010000
101010000000010010000001000000
101010000000010010000010000000
101010000000010010000100000000
101010000000010100000000000010
101010000000010100000000000100
101010000000010100000000010000
101010000000010100000100000000
101010000000010100010000000000
101010000000010100100000000000
101010000000011000000000000010
101010000000011000000000001000
101010000000011000000000010000
101010000000011000000001000000
101010000000011000000010000000
101010000000011000100000000000
101010000000100010000010000000
101010000000100010000100000000
101010000000100010010000000000
101010000000100100000000000001
101010000000100100000000000010
101010000000100100001000000000
101010000000101000000000000001
101010000000101000000000001000
101010000000101000000000100000
101010000000101000100000000000
блок1000_k1 1000  30